9
2
39
42
61
10
80
17
22
66
92
78
70
68
9
91
96
22
51
81
22
95
85
16
10
58
99
56
35
78
15
10
75
26
64
7
48
26
38
0
69
65
72
26
79
56
86
52
76
59
11
63
58
23
86
62
55
19
43
2
83
99
36
79
42
42
84
28
44
86
12
15
3
6
17
52
68
91
29
96
64
59
93
85
68
66
70
0
58
9
67
42
18
41
47
27
10
0
95
8
26
19
10
66
74
95
26
48
24
67
46
26
16
74
94
10
43
77
7
19
8
52
24
7
93
74
96
25
25
22
96
80
32
35
59
31
12
74
73
93
31
62
65
14
37
60
14
99
99
57
15
50
4
37
70
26
87
49
22
18
13
95
89
59
28
59
72
91
89
82
60
91
66
35
65
9
2
66
89
99
53
56
3
98
27
54
97
14
8
97
82
57
41
66
76
58
10
36
17
73
23
22
0
40
68
93
15
35
8
10
95
83
44
76
95
75
31
56
64
80
61
72
89
35
90
21
2
77
32
20
14
75
76
68
73
57
37
26
3
19
85
41
71
46
12
95
7
64
86
64
4
20
73
69
5
88
87
43
11
75
12
85
67
69
23
87
59
53
69
9
69
66
19
44
66
9
86
79
71
94
40
64
86
57
8
36
46
19
0
80
82
65
30
86
71
68
49
83
13
62
53
62
41
88
2
61
28
48
25
75
70
96
47
42
11
4
82
69
18
45
46
44
1
22
24
94
72
28
17
56
57
8
76
21
62
67
68
10
77
66
85
10
81
79
13
12
22
96
16
12
43
53
15
15
54
43
64
95
68
8
35
38
81
72
83
74
70
30
3
33
1
87
14
30
28
58
50
92
30
62
49
61
31
72
81
37
98
80
13
92
12
76
91
98
50
62
81
89
15
43
31
76
91
61
25
94
55
54
52
97
78
85
90
24
12
41
92
23
61
12
96
69
76
10
50
62
28
5
6
50
38
79
58
50
44
61
54
10
30
31
21
6
87
6
1
93
35
33
43
47
38
39
32
58
83
23
19
63
50
89
22
90
63
53
2
63
24
18
35
70
68
24
40
33
41
92
49
77
35
35
38
18
31
22
69
43
14
42
54
97
86
28
90
91
37
18
22
55
99
18
